##################################################
# Maxwellian Initial Condition
# Number of Groups: 618
# kT: 2.524878645766e-08 MeV
##################################################
508    2.6347330642e-16
509    7.3689833771e-15
510    1.6811516915e-13
511    2.8916947902e-12
512    4.5518966711e-11
513    6.6278584556e-10
514    7.5186154536e-09
515    7.3481039866e-08
516    6.2431980385e-07
517    4.6506895661e-06
518    3.0617296157e-05
519    1.7947613296e-04
520    9.4338967944e-04
521    4.4759910420e-03
522    1.9288402389e-02
523    7.5935395383e-02
524    2.7460712235e-01
525    9.1692401520e-01
526    2.8405864038e+00
527    8.2007902061e+00
528    2.2163224729e+01
529    5.6296274149e+01
530    1.3487359388e+02
531    3.0588796539e+02
532    6.5891397763e+02
533    1.3523253710e+03
534    2.6521188509e+03
535    4.9837942861e+03
536    8.9971743474e+03
537    1.5641793885e+04
538    2.6247800545e+04
539    4.2604618327e+04
540    6.7027477716e+04
541    1.0240084209e+05
542    1.5218815290e+05
543    2.2160597299e+05
544    3.1320672494e+05
545    4.3033828307e+05
546    5.8186452878e+05
547    7.7103466724e+05
548    1.0025286304e+06
549    1.2805280558e+06
550    1.6084931601e+06
551    1.9889649926e+06
552    2.4234060995e+06
553    2.9120892694e+06
554    3.4540400530e+06
555    4.0470346268e+06
556    4.6876507063e+06
557    5.3713659509e+06
558    6.0926958322e+06
559    6.8453613653e+06
560    7.6224764177e+06
561    8.4167444089e+06
562    9.2206549737e+06
563    1.0026672388e+07
564    1.0827409085e+07
565    1.1615779268e+07
566    1.2385129266e+07
567    1.3129342868e+07
568    1.3842921209e+07
569    1.4521037941e+07
570    1.5159571300e+07
571    1.5755115341e+07
572    1.6304972992e+07
573    1.6807133837e+07
574    1.7260239540e+07
575    1.7663539765e+07
576    1.8016841229e+07
577    1.8320452310e+07
578    1.8575125296e+07
579    1.8781998072e+07
580    1.8942536724e+07
581    1.9058480230e+07
582    1.9131788142e+07
583    1.9164591905e+07
584    1.9159150244e+07
585    1.9117808849e+07
586    1.9042964475e+07
587    1.8876311069e+07
588    1.8556251157e+07
589    1.8144566890e+07
590    1.7658688406e+07
591    1.7114570001e+07
592    1.6526514225e+07
593    1.5907112411e+07
594    1.5267269445e+07
595    1.4616286061e+07
596    1.3961977441e+07
597    1.3310811836e+07
598    1.2668057241e+07
599    1.2037927664e+07
600    1.1423723287e+07
601    1.0827961002e+07
602    1.0252493333e+07
603    9.6986149367e+06
604    9.1671566522e+06
605    8.4356153396e+06
606    7.5080385590e+06
607    6.6698881299e+06
608    5.9166217056e+06
609    5.2424357010e+06
610    4.6409424409e+06
611    4.1056171364e+06
612    3.5828956857e+06
613    3.1544669618e+06
614    2.6948642530e+06
615    2.1017893975e+06
616    1.6383067417e+06
617    1.1872613037e+06
