##################################################
# Maxwellian Initial Condition
# Number of Groups: 618
# kT: 1.0 MeV
##################################################
0      5.5273145585e-09
1      6.2436030015e-09
2      7.0525753805e-09
3      7.9662042780e-09
4      8.9980059258e-09
5      1.0163238805e-08
6      1.1479127735e-08
7      1.2965116714e-08
8      1.4643154193e-08
9      1.6538014917e-08
10     1.8677663032e-08
11     2.1093661707e-08
12     2.3821635231e-08
13     2.6901790276e-08
14     3.0379503878e-08
15     3.4305986654e-08
16     3.8739030846e-08
17     4.3743854004e-08
18     4.9394050500e-08
19     5.5772664596e-08
20     6.2973400554e-08
21     7.1101987215e-08
22     8.0277716693e-08
23     9.0635179329e-08
24     1.0232621982e-07
25     1.1552214263e-07
26     1.3041619833e-07
27     1.4722638643e-07
28     1.6619861499e-07
29     1.8761026200e-07
30     2.1177418963e-07
31     2.3904326851e-07
32     2.6981547663e-07
33     3.0453964547e-07
34     3.4372193516e-07
35     3.8793313067e-07
36     4.3781686269e-07
37     4.9409886966e-07
38     5.5759743233e-07
39     6.2923512825e-07
40     7.1005207248e-07
41     8.0122083121e-07
42     9.0406321855e-07
43     1.0200692128e-06
44     1.1509182582e-06
45     1.2985032509e-06
46     1.4649575452e-06
47     1.6526853586e-06
48     1.8643959993e-06
49     2.1031423947e-06
50     2.3723644566e-06
51     2.6759378865e-06
52     3.0182290979e-06
53     3.4041570167e-06
54     3.8392626144e-06
55     4.3297871333e-06
56     4.8827600820e-06
57     5.5060982101e-06
58     6.2087168205e-06
59     7.0006549429e-06
60     7.8932160782e-06
61     8.8991264327e-06
62     1.0032712792e-05
63     1.1310102449e-05
64     1.2749447890e-05
65     1.4371179270e-05
66     1.6198288076e-05
67     1.8256645787e-05
68     2.0575361789e-05
69     2.3187185329e-05
70     2.6128956841e-05
71     2.9442114644e-05
72     3.3173263688e-05
73     3.7374813853e-05
74     4.2105696157e-05
75     4.7432166248e-05
76     5.3428705629e-05
77     6.0179032293e-05
78     6.7777233829e-05
79     7.6329037531e-05
80     8.7187849895e-05
81     1.0089559938e-04
82     1.1648035917e-04
83     1.3415703627e-04
84     1.5415950143e-04
85     1.7674160323e-04
86     2.0217816833e-04
87     2.3076598015e-04
88     2.6282472784e-04
89     2.9869791720e-04
90     3.3875373498e-04
91     3.8338585776e-04
92     4.3301419664e-04
93     4.8808556891e-04
94     5.4907428800e-04
95     6.1590797565e-04
96     6.9019808435e-04
97     7.7270989443e-04
98     8.6267641479e-04
99     9.6135815755e-04
100    1.0694011797e-03
101    1.1874801954e-03
102    1.3162982338e-03
103    1.4565861538e-03
104    1.6091020113e-03
105    1.7746302775e-03
106    1.9539809050e-03
107    2.1479882420e-03
108    2.3575097940e-03
109    2.5834248349e-03
110    2.8266328686e-03
111    3.0814049849e-03
112    3.3613761219e-03
113    3.6692770680e-03
114    3.9909948374e-03
115    4.3347427871e-03
116    4.7015016771e-03
117    5.0922579449e-03
118    5.5080011674e-03
119    5.9497214363e-03
120    6.4184066554e-03
121    6.9150397723e-03
122    7.4405959562e-03
123    7.9960397326e-03
124    8.5823220896e-03
125    9.2003775659e-03
126    9.8511213350e-03
127    1.0535446298e-02
128    1.1254220196e-02
129    1.2008282760e-02
130    1.2798442903e-02
131    1.3625475973e-02
132    1.4490121078e-02
133    1.5393078487e-02
134    1.6335007130e-02
135    1.7316522203e-02
136    1.8338192874e-02
137    1.9400540129e-02
138    2.1064637013e-02
139    2.3438204007e-02
140    2.5967639183e-02
141    2.8680278126e-02
142    3.1580749724e-02
143    3.4637518272e-02
144    3.7864116288e-02
145    4.1258174933e-02
146    4.4816338275e-02
147    4.8534282057e-02
148    5.2407783378e-02
149    5.6428666992e-02
150    6.0589694255e-02
151    6.4885341864e-02
152    6.9305932291e-02
153    7.3842226293e-02
154    7.8484379955e-02
155    8.3222018730e-02
156    8.8020353554e-02
157    9.2914995421e-02
158    9.7897757703e-02
159    1.0290568259e-01
160    1.0795197210e-01
161    1.1302469559e-01
162    1.1811192790e-01
163    1.2320181867e-01
164    1.2827067911e-01
165    1.3333064281e-01
166    1.3837140998e-01
167    1.4335713620e-01
168    1.4828953804e-01
169    1.5315843804e-01
170    1.5795409724e-01
171    1.6266724757e-01
172    1.6730789885e-01
173    1.7183039995e-01
174    1.7622656689e-01
175    1.8052727282e-01
176    1.8470698151e-01
177    1.8875965954e-01
178    1.9267984011e-01
179    1.9646262058e-01
180    2.0010365693e-01
181    2.0359915528e-01
182    2.0694586074e-01
183    2.1014104396e-01
184    2.1318248563e-01
185    2.1606845916e-01
186    2.1879771192e-01
187    2.2136944516e-01
188    2.2368689901e-01
189    2.2594655152e-01
190    2.2813790025e-01
191    2.3007989233e-01
192    2.3186641798e-01
193    2.3349893825e-01
194    2.3497921068e-01
195    2.3630926648e-01
196    2.3749138815e-01
197    2.3852808751e-01
198    2.3942208427e-01
199    2.4017628528e-01
200    2.4079376438e-01
201    2.4127774309e-01
202    2.4163157201e-01
203    2.4185871307e-01
204    2.4195951473e-01
205    2.4195209398e-01
206    2.4181594931e-01
207    2.4157261116e-01
208    2.4122100321e-01
209    2.4076493057e-01
210    2.4020820951e-01
211    2.3955465652e-01
212    2.3880807826e-01
213    2.3797226225e-01
214    2.3705096831e-01
215    2.3604792079e-01
216    2.3496680145e-01
217    2.3381124305e-01
218    2.3258482359e-01
219    2.3129106112e-01
220    2.3000757330e-01
221    2.2859501747e-01
222    2.2703990499e-01
223    2.2551060361e-01
224    2.2393050901e-01
225    2.2230270175e-01
226    2.2063018094e-01
227    2.1891586288e-01
228    2.1716258002e-01
229    2.1537308030e-01
230    2.1355002674e-01
231    2.1169599729e-01
232    2.0981348501e-01
233    2.0790489836e-01
234    2.0597256175e-01
235    2.0401871632e-01
236    2.0218910716e-01
237    2.0020441124e-01
238    1.9804930869e-01
239    1.9603020768e-01
240    1.9399959033e-01
241    1.9195922153e-01
242    1.8991079174e-01
243    1.8785591867e-01
244    1.8579614893e-01
245    1.8373295977e-01
246    1.8166776086e-01
247    1.7960189608e-01
248    1.7753664533e-01
249    1.7547322636e-01
250    1.7341279661e-01
251    1.7135645503e-01
252    1.6930524393e-01
253    1.6726015076e-01
254    1.6522210996e-01
255    1.6319200472e-01
256    1.6117066874e-01
257    1.5915888797e-01
258    1.5715740234e-01
259    1.5516690744e-01
260    1.5318805614e-01
261    1.5122146026e-01
262    1.4926769208e-01
263    1.4732728598e-01
264    1.4540073986e-01
265    1.4348851667e-01
266    1.4159104584e-01
267    1.3970872464e-01
268    1.3793768982e-01
269    1.3608892569e-01
270    1.3415617780e-01
271    1.3233783185e-01
272    1.3053618600e-01
273    1.2875147181e-01
274    1.2698389743e-01
275    1.2523364860e-01
276    1.2350088977e-01
277    1.2178576507e-01
278    1.2008839930e-01
279    1.1840889889e-01
280    1.1674735280e-01
281    1.1510383337e-01
282    1.1347839720e-01
283    1.1187108595e-01
284    1.1028192710e-01
285    1.0871093473e-01
286    1.0715811022e-01
287    1.0562344294e-01
288    1.0410691093e-01
289    1.0260848153e-01
290    1.0112811196e-01
291    9.9665749974e-02
292    9.8221334339e-02
293    9.6794795430e-02
294    9.5386055720e-02
295    9.3995030277e-02
296    9.2621627231e-02
297    9.1265748224e-02
298    8.9927288841e-02
299    8.8606139018e-02
300    8.7312453503e-02
301    8.6025758787e-02
302    8.4745369653e-02
303    8.3492257805e-02
304    8.2255833565e-02
305    8.1035960600e-02
306    7.9832499313e-02
307    7.8645307128e-02
308    7.7474238752e-02
309    7.6319146432e-02
310    7.5179880193e-02
311    7.4056288066e-02
312    7.2948216308e-02
313    7.1855509604e-02
314    7.0778011268e-02
315    6.9715563421e-02
316    6.8668007174e-02
317    6.7635182788e-02
318    6.6616929836e-02
319    6.5613087349e-02
320    6.4623493960e-02
321    6.3647988031e-02
322    6.2686407788e-02
323    6.1738591428e-02
324    6.0804377241e-02
325    5.9883603708e-02
326    5.8976109606e-02
327    5.8081734093e-02
328    5.7200316804e-02
329    5.6331697928e-02
330    5.5475718287e-02
331    5.4632219405e-02
332    5.3802725607e-02
333    5.2983743936e-02
334    5.2175034518e-02
335    5.1379890278e-02
336    5.0596447195e-02
337    4.9824552284e-02
338    4.9064053652e-02
339    4.8314800534e-02
340    4.7576643335e-02
341    4.6849433657e-02
342    4.6133024339e-02
343    4.5427269479e-02
344    4.4732024463e-02
345    4.4047145988e-02
346    4.3372492087e-02
347    4.2707922140e-02
348    4.2053296899e-02
349    4.1408478503e-02
350    4.0773330483e-02
351    4.0147717785e-02
352    3.9531506772e-02
353    3.8924565235e-02
354    3.8326762399e-02
355    3.7737968932e-02
356    3.7158056943e-02
357    3.6586899991e-02
358    3.6024373083e-02
359    3.5470352675e-02
360    3.4924716674e-02
361    3.4387344434e-02
362    3.3858116755e-02
363    3.3336915879e-02
364    3.2812559747e-02
365    3.2306887079e-02
366    3.1820318036e-02
367    3.1330075486e-02
368    3.0847292422e-02
369    3.0371859629e-02
370    2.9903669297e-02
371    2.9442615005e-02
372    2.8988591716e-02
373    2.8541495764e-02
374    2.8101224849e-02
375    2.7667678026e-02
376    2.7240755689e-02
377    2.6820359568e-02
378    2.6406392712e-02
379    2.5998759484e-02
380    2.5597365541e-02
381    2.5202117830e-02
382    2.4812924571e-02
383    2.4429695249e-02
384    2.4052340596e-02
385    2.3680772587e-02
386    2.3314904417e-02
387    2.2954650498e-02
388    2.2599926441e-02
389    2.2250649044e-02
390    2.1906736278e-02
391    2.1568107278e-02
392    2.1234682325e-02
393    2.0906382838e-02
394    2.0583131357e-02
395    2.0264851532e-02
396    1.9955047287e-02
397    1.9646542868e-02
398    1.9339094849e-02
399    1.9039959872e-02
400    1.8745430984e-02
401    1.8455438217e-02
402    1.8169912625e-02
403    1.7753095118e-02
404    1.7207924122e-02
405    1.6679433768e-02
406    1.6167119117e-02
407    1.5670490027e-02
408    1.5189070761e-02
409    1.4722399610e-02
410    1.4270028507e-02
411    1.3831522666e-02
412    1.3406460214e-02
413    1.2994431835e-02
414    1.2595040423e-02
415    1.2207905312e-02
416    1.1832643802e-02
417    1.1468892962e-02
418    1.1116310761e-02
419    1.0774551453e-02
420    1.0443284283e-02
421    1.0122188471e-02
422    9.8109529255e-03
423    9.5092759615e-03
424    9.2168650244e-03
425    8.9334364241e-03
426    8.6587150737e-03
427    8.3924342362e-03
428    8.1343352777e-03
429    7.8841674276e-03
430    7.6416875445e-03
431    7.4064772802e-03
432    7.1786674946e-03
433    6.9580540065e-03
434    6.7440393566e-03
435    6.5366036825e-03
436    6.3355450683e-03
437    6.1406677654e-03
438    5.9517820077e-03
439    5.7687038304e-03
440    5.5912548952e-03
441    5.4192623200e-03
442    5.2525585138e-03
443    5.0909810167e-03
444    4.9343723438e-03
445    4.7825798346e-03
446    4.6354555062e-03
447    4.4921099466e-03
448    4.3538723430e-03
449    4.2206789868e-03
450    4.0908362185e-03
451    3.9649870508e-03
452    3.8430087247e-03
453    3.7247822479e-03
454    3.6101922804e-03
455    3.4991270223e-03
456    3.3914781061e-03
457    3.2871404915e-03
458    3.1860123638e-03
459    3.0879950350e-03
460    2.9929928485e-03
461    2.9009130858e-03
462    2.8116658770e-03
463    2.7250679302e-03
464    2.6412241251e-03
465    2.5600617848e-03
466    2.4813000596e-03
467    2.4049613009e-03
468    2.3309709867e-03
469    2.2592568855e-03
470    2.1897489861e-03
471    2.1223794296e-03
472    2.0570824431e-03
473    1.9937942759e-03
474    1.9324531371e-03
475    1.8729991359e-03
476    1.8153742229e-03
477    1.7595221335e-03
478    1.7053883336e-03
479    1.6531468337e-03
480    1.6022998668e-03
481    1.5527761736e-03
482    1.5050029639e-03
483    1.4586995194e-03
484    1.4138206260e-03
485    1.3703224597e-03
486    1.3281625446e-03
487    1.2872997112e-03
488    1.2476940564e-03
489    1.2093069042e-03
490    1.1721007685e-03
491    1.1360393161e-03
492    1.1010873313e-03
493    1.0672106818e-03
494    1.0343762853e-03
495    1.0026296058e-03
496    9.7178696794e-04
497    9.4181086655e-04
498    9.1283454656e-04
499    8.8474972043e-04
500    8.5752896100e-04
501    8.3114568487e-04
502    8.0557412639e-04
503    7.8078931257e-04
504    7.5676703868e-04
505    7.3348384460e-04
506    7.1091699194e-04
507    6.8904444183e-04
508    6.6784483340e-04
509    6.4729746296e-04
510    6.2738226373e-04
511    6.0868778159e-04
512    5.8999845464e-04
513    5.7123817244e-04
514    5.5366305592e-04
515    5.3662866581e-04
516    5.2011836598e-04
517    5.0411603213e-04
518    4.8860603601e-04
519    4.7357323018e-04
520    4.5900293325e-04
521    4.4488091546e-04
522    4.3119338490e-04
523    4.1792697392e-04
524    4.0506872617e-04
525    3.9260608391e-04
526    3.8052687575e-04
527    3.6882064855e-04
528    3.5747332339e-04
529    3.4647369010e-04
530    3.3581382299e-04
531    3.2548192483e-04
532    3.1546790512e-04
533    3.0576198385e-04
534    2.9635468186e-04
535    2.8723681165e-04
536    2.7839946839e-04
537    2.6983402121e-04
538    2.6153210477e-04
539    2.5348561113e-04
540    2.4568668177e-04
541    2.3812769997e-04
542    2.3080128336e-04
543    2.2359360358e-04
544    2.1670768382e-04
545    2.1014696593e-04
546    2.0368142521e-04
547    1.9741480812e-04
548    1.9134099443e-04
549    1.8545405221e-04
550    1.7974823205e-04
551    1.7421796141e-04
552    1.6885783922e-04
553    1.6366263056e-04
554    1.5862726159e-04
555    1.5374681456e-04
556    1.4901652304e-04
557    1.4443176723e-04
558    1.3998806946e-04
559    1.3568108986e-04
560    1.3150662204e-04
561    1.2746058906e-04
562    1.2353903938e-04
563    1.1973814307e-04
564    1.1605418802e-04
565    1.1248357632e-04
566    1.0902282076e-04
567    1.0566854144e-04
568    1.0241746242e-04
569    9.9266408563e-05
570    9.6212302427e-05
571    9.3252161242e-05
572    9.0383094012e-05
573    8.7602298688e-05
574    8.4907059429e-05
575    8.2294743953e-05
576    7.9762800965e-05
577    7.7308757664e-05
578    7.4930217329e-05
579    7.2624856979e-05
580    7.0390425104e-05
581    6.8224739464e-05
582    6.6125684961e-05
583    6.4091211570e-05
584    6.2119332340e-05
585    6.0208121451e-05
586    5.8355712336e-05
587    5.5724175270e-05
588    5.2348018223e-05
589    4.9176412181e-05
590    4.6196964026e-05
591    4.3398031503e-05
592    4.0768677722e-05
593    3.8298628430e-05
594    3.5978231854e-05
595    3.3798420997e-05
596    3.1750678200e-05
597    2.9827001866e-05
598    2.8019875186e-05
599    2.6322236776e-05
600    2.4727453076e-05
601    2.3229292435e-05
602    2.1821900758e-05
603    2.0499778631e-05
604    1.9257759834e-05
605    1.7585668494e-05
606    1.5519297979e-05
607    1.3695732399e-05
608    1.2086441423e-05
609    1.0666247120e-05
610    9.4129300462e-06
611    8.3068816105e-06
612    7.2342403419e-06
613    6.3597843626e-06
614    5.4257333133e-06
615    4.2255653533e-06
616    3.2908736061e-06
617    2.3833291632e-06
