##################################################
# Maxwellian Initial Condition
# Number of Groups: 618
# kT: 1.5 MeV
##################################################
0      2.3154000410e-06
1      2.5087161929e-06
2      2.7181184950e-06
3      2.9449402267e-06
4      3.1906246559e-06
5      3.4567340607e-06
6      3.7449594865e-06
7      4.0571312968e-06
8      4.3952305826e-06
9      4.7614014990e-06
10     5.1579646042e-06
11     5.5874312810e-06
12     6.0525193283e-06
13     6.5561698160e-06
14     7.1015653057e-06
15     7.6921495449e-06
16     8.3316487545e-06
17     9.0240946364e-06
18     9.7738492378e-06
19     1.0585631822e-05
20     1.1464547902e-05
21     1.2416120619e-05
22     1.3446324634e-05
23     1.4561622753e-05
24     1.5769005489e-05
25     1.7076033799e-05
26     1.8490885240e-05
27     2.0022403830e-05
28     2.1680153884e-05
29     2.3474478164e-05
30     2.5416560657e-05
31     2.7518494362e-05
32     2.9793354472e-05
33     3.2255277377e-05
34     3.4919545939e-05
35     3.7802681527e-05
36     4.0922543352e-05
37     4.4298435646e-05
38     4.7951223321e-05
39     5.1903456741e-05
40     5.6179506332e-05
41     6.0805707768e-05
42     6.5810518565e-05
43     7.1224686954e-05
44     7.7081433969e-05
45     8.3416649762e-05
46     9.0269105235e-05
47     9.7680680154e-05
48     1.0569660898e-04
49     1.1436574579e-04
50     1.2374084967e-04
51     1.3387889222e-04
52     1.4484138867e-04
53     1.5669475459e-04
54     1.6951068986e-04
55     1.8336659207e-04
56     1.9834600159e-04
57     2.1453908037e-04
58     2.3204312730e-04
59     2.5096313248e-04
60     2.7141237342e-04
61     2.9351305620e-04
62     3.1739700469e-04
63     3.4320640140e-04
64     3.7109458361e-04
65     4.0122689863e-04
66     4.3378162251e-04
67     4.6895094635e-04
68     5.0694203526e-04
69     5.4797816470e-04
70     5.9229993962e-04
71     6.4016660196e-04
72     6.9185743254e-04
73     7.4767325351e-04
74     8.0793803806e-04
75     8.7300063442e-04
76     9.4323661140e-04
77     1.0190502333e-03
78     1.1008765725e-03
79     1.1891837673e-03
80     1.2964193339e-03
81     1.4252532123e-03
82     1.5644008296e-03
83     1.7144476631e-03
84     1.8759927305e-03
85     2.0496474725e-03
86     2.2360345398e-03
87     2.4357864902e-03
88     2.6495443969e-03
89     2.8779563756e-03
90     3.1216760326e-03
91     3.3813608426e-03
92     3.6576704597e-03
93     3.9512649704e-03
94     4.2628030942e-03
95     4.5901826018e-03
96     4.9393645408e-03
97     5.3116068734e-03
98     5.7014140717e-03
99     6.1123723449e-03
100    6.5450925033e-03
101    7.0001706060e-03
102    7.4781860359e-03
103    7.9796995962e-03
104    8.5052516383e-03
105    9.0553602284e-03
106    9.6305193596e-03
107    1.0231197219e-02
108    1.0857834518e-02
109    1.1510842887e-02
110    1.2190603349e-02
111    1.2879774435e-02
112    1.3613086559e-02
113    1.4393718659e-02
114    1.5183636824e-02
115    1.6001705621e-02
116    1.6848095278e-02
117    1.7722937285e-02
118    1.8626323648e-02
119    1.9558306262e-02
120    2.0518896386e-02
121    2.1508064246e-02
122    2.2525738748e-02
123    2.3571807301e-02
124    2.4646115767e-02
125    2.5748468516e-02
126    2.6878628594e-02
127    2.8036318006e-02
128    2.9221218104e-02
129    3.0432970075e-02
130    3.1671175545e-02
131    3.2935397264e-02
132    3.4225159896e-02
133    3.5539950901e-02
134    3.6879221493e-02
135    3.8242387690e-02
136    3.9628831431e-02
137    4.1037901773e-02
138    4.3183922081e-02
139    4.6128963899e-02
140    4.9135515380e-02
141    5.2227735516e-02
142    5.5401295369e-02
143    5.8614831865e-02
144    6.1877526484e-02
145    6.5181715456e-02
146    6.8519587546e-02
147    7.1883235453e-02
148    7.5265599278e-02
149    7.8656971527e-02
150    8.2049360279e-02
151    8.5436832656e-02
152    8.8810789556e-02
153    9.2163726960e-02
154    9.5488347588e-02
155    9.8777592610e-02
156    1.0200877805e-01
157    1.0520694655e-01
158    1.0836663428e-01
159    1.1144947918e-01
160    1.1446610579e-01
161    1.1741136433e-01
162    1.2028047259e-01
163    1.2306902189e-01
164    1.2576669754e-01
165    1.2838243112e-01
166    1.3091288569e-01
167    1.3334264916e-01
168    1.3567544639e-01
169    1.3790909853e-01
170    1.4004177733e-01
171    1.4207199485e-01
172    1.4400628852e-01
173    1.4582822266e-01
174    1.4753785628e-01
175    1.4914973255e-01
176    1.5065637782e-01
177    1.5205807472e-01
178    1.5335535001e-01
179    1.5454895923e-01
180    1.5563987125e-01
181    1.5662925298e-01
182    1.5751845417e-01
183    1.5830899246e-01
184    1.5900253872e-01
185    1.5960090279e-01
186    1.6010601960e-01
187    1.6051993575e-01
188    1.6083313516e-01
189    1.6107444659e-01
190    1.6123635374e-01
191    1.6130772573e-01
192    1.6129937178e-01
193    1.6121375624e-01
194    1.6105337626e-01
195    1.6082075286e-01
196    1.6051842249e-01
197    1.6014892924e-01
198    1.5971481753e-01
199    1.5921862536e-01
200    1.5866287814e-01
201    1.5805008295e-01
202    1.5738272334e-01
203    1.5666325458e-01
204    1.5594736629e-01
205    1.5513580394e-01
206    1.5421623497e-01
207    1.5331217565e-01
208    1.5236772393e-01
209    1.5138508970e-01
210    1.5036643286e-01
211    1.4931386159e-01
212    1.4822943096e-01
213    1.4711514175e-01
214    1.4597293956e-01
215    1.4480471409e-01
216    1.4361229874e-01
217    1.4239747025e-01
218    1.4116194871e-01
219    1.3990739756e-01
220    1.3870386032e-01
221    1.3741902105e-01
222    1.3604535728e-01
223    1.3473020041e-01
224    1.3340349426e-01
225    1.3206657162e-01
226    1.3072071270e-01
227    1.2936714602e-01
228    1.2800704943e-01
229    1.2664155114e-01
230    1.2527173083e-01
231    1.2389862075e-01
232    1.2252320687e-01
233    1.2114643010e-01
234    1.1976918744e-01
235    1.1839233322e-01
236    1.1711630539e-01
237    1.1574561187e-01
238    1.1427202977e-01
239    1.1290446158e-01
240    1.1154095592e-01
241    1.1018213662e-01
242    1.0882859331e-01
243    1.0748088261e-01
244    1.0613952927e-01
245    1.0480502733e-01
246    1.0347784125e-01
247    1.0215840699e-01
248    1.0084713307e-01
249    9.9544401698e-02
250    9.8250569725e-02
251    9.6965969695e-02
252    9.5690910814e-02
253    9.4425679911e-02
254    9.3170542366e-02
255    9.1925743017e-02
256    9.0691507036e-02
257    8.9468040788e-02
258    8.8255532652e-02
259    8.7054153824e-02
260    8.5864059095e-02
261    8.4685387601e-02
262    8.3518263544e-02
263    8.2362796899e-02
264    8.1219084086e-02
265    8.0087208628e-02
266    7.8967241773e-02
267    7.7859243107e-02
268    7.6819418401e-02
269    7.5736631390e-02
270    7.4607489262e-02
271    7.3547745928e-02
272    7.2500113450e-02
273    7.1464592954e-02
274    7.0441177553e-02
275    6.9429852789e-02
276    6.8430597058e-02
277    6.7443382017e-02
278    6.6468172973e-02
279    6.5504929262e-02
280    6.4553604599e-02
281    6.3614147430e-02
282    6.2686501252e-02
283    6.1770604930e-02
284    6.0866392999e-02
285    5.9973795947e-02
286    5.9092740488e-02
287    5.8223149828e-02
288    5.7364943910e-02
289    5.6518039654e-02
290    5.5682351181e-02
291    5.4857790035e-02
292    5.4044265382e-02
293    5.3241684210e-02
294    5.2449951516e-02
295    5.1668970482e-02
296    5.0898642645e-02
297    5.0138868056e-02
298    4.9389545435e-02
299    4.8650572315e-02
300    4.7927582289e-02
301    4.7209096273e-02
302    4.6494710302e-02
303    4.5796091422e-02
304    4.5107296464e-02
305    4.4428218485e-02
306    4.3758750183e-02
307    4.3098783983e-02
308    4.2448212132e-02
309    4.1806926781e-02
310    4.1174820060e-02
311    4.0551784162e-02
312    3.9937711402e-02
313    3.9332494291e-02
314    3.8736025597e-02
315    3.8148198400e-02
316    3.7568906150e-02
317    3.6998042715e-02
318    3.6435502434e-02
319    3.5881180158e-02
320    3.5334971294e-02
321    3.4796771843e-02
322    3.4266478435e-02
323    3.3743988370e-02
324    3.3229199638e-02
325    3.2722010961e-02
326    3.2222321808e-02
327    3.1730032428e-02
328    3.1245043872e-02
329    3.0767258009e-02
330    3.0296577551e-02
331    2.9832906066e-02
332    2.9377072189e-02
333    2.8927147961e-02
334    2.8482994338e-02
335    2.8046412122e-02
336    2.7616370099e-02
337    2.7192777268e-02
338    2.6775543568e-02
339    2.6364579884e-02
340    2.5959798052e-02
341    2.5561110867e-02
342    2.5168432080e-02
343    2.4781676409e-02
344    2.4400759534e-02
345    2.4025598103e-02
346    2.3656109730e-02
347    2.3292212993e-02
348    2.2933827438e-02
349    2.2580873575e-02
350    2.2233272874e-02
351    2.1890947765e-02
352    2.1553821632e-02
353    2.1221818815e-02
354    2.0894864599e-02
355    2.0572885213e-02
356    2.0255807826e-02
357    1.9943560541e-02
358    1.9636072385e-02
359    1.9333273312e-02
360    1.9035094190e-02
361    1.8741466793e-02
362    1.8452323804e-02
363    1.8167598795e-02
364    1.7881182173e-02
365    1.7605000896e-02
366    1.7339280695e-02
367    1.7071581023e-02
368    1.6807980387e-02
369    1.6548417579e-02
370    1.6292832233e-02
371    1.6041164819e-02
372    1.5793356631e-02
373    1.5549349780e-02
374    1.5309087186e-02
375    1.5072512569e-02
376    1.4839570443e-02
377    1.4610206102e-02
378    1.4384365615e-02
379    1.4161995820e-02
380    1.3943044308e-02
381    1.3727459421e-02
382    1.3515190241e-02
383    1.3306186579e-02
384    1.3100398971e-02
385    1.2897778664e-02
386    1.2698277614e-02
387    1.2501848470e-02
388    1.2308444570e-02
389    1.2118019932e-02
390    1.1930529245e-02
391    1.1745927859e-02
392    1.1564171779e-02
393    1.1385217656e-02
394    1.1209022777e-02
395    1.1035545058e-02
396    1.0866693744e-02
397    1.0698557436e-02
398    1.0531003290e-02
399    1.0367985670e-02
400    1.0207483940e-02
401    1.0049459619e-02
402    9.8938748007e-03
403    9.6667572766e-03
404    9.3697178835e-03
405    9.0817838452e-03
406    8.8026780230e-03
407    8.5321315365e-03
408    8.2698835333e-03
409    8.0156809639e-03
410    7.7692783616e-03
411    7.5304376270e-03
412    7.2989278185e-03
413    7.0745249462e-03
414    6.8570117726e-03
415    6.6461801055e-03
416    6.4418207320e-03
417    6.2437352810e-03
418    6.0517368335e-03
419    5.8656365120e-03
420    5.6852536595e-03
421    5.5104131049e-03
422    5.3409450004e-03
423    5.1766846641e-03
424    5.0174724261e-03
425    4.8631534792e-03
426    4.7135777338e-03
427    4.5685996770e-03
428    4.4280782350e-03
429    4.2918766404e-03
430    4.1598623025e-03
431    4.0318072642e-03
432    3.9077825914e-03
433    3.7876769579e-03
434    3.6711649495e-03
435    3.5582356200e-03
436    3.4487789225e-03
437    3.3426881798e-03
438    3.2398599823e-03
439    3.1401940882e-03
440    3.0435933280e-03
441    2.9499635103e-03
442    2.8592133319e-03
443    2.7712542893e-03
444    2.6860005936e-03
445    2.6033690877e-03
446    2.5232791661e-03
447    2.4452466193e-03
448    2.3699949729e-03
449    2.2974895051e-03
450    2.2268082185e-03
451    2.1583011159e-03
452    2.0919013451e-03
453    2.0275441069e-03
454    1.9651665928e-03
455    1.9047079234e-03
456    1.8461090898e-03
457    1.7893128960e-03
458    1.7342639038e-03
459    1.6809083781e-03
460    1.6291942356e-03
461    1.5790709936e-03
462    1.5304897210e-03
463    1.4833506343e-03
464    1.4377108151e-03
465    1.3935306940e-03
466    1.3506573852e-03
467    1.3091030489e-03
468    1.2688271136e-03
469    1.2297902552e-03
470    1.1919543589e-03
471    1.1552824815e-03
472    1.1197388164e-03
473    1.0852886575e-03
474    1.0518983665e-03
475    1.0195353392e-03
476    9.8816797440e-04
477    9.5776564257e-04
478    9.2829865631e-04
479    8.9986173368e-04
480    8.7218392015e-04
481    8.4522642528e-04
482    8.1922179268e-04
483    7.9401721609e-04
484    7.6958808238e-04
485    7.4591053550e-04
486    7.2296145322e-04
487    7.0071842456e-04
488    6.7915972790e-04
489    6.5826430984e-04
490    6.3801176456e-04
491    6.1838231400e-04
492    5.9935678850e-04
493    5.8091660809e-04
494    5.6304376440e-04
495    5.4576300460e-04
496    5.2897434760e-04
497    5.1265737781e-04
498    4.9688462440e-04
499    4.8159714259e-04
500    4.6678000259e-04
501    4.5241873391e-04
502    4.3849931125e-04
503    4.2500814075e-04
504    4.1193204681e-04
505    3.9925825913e-04
506    3.8697440030e-04
507    3.7506847372e-04
508    3.6352885184e-04
509    3.5234426483e-04
510    3.4150378961e-04
511    3.3132779023e-04
512    3.2115459771e-04
513    3.1094278271e-04
514    3.0137609151e-04
515    2.9210373533e-04
516    2.8311665854e-04
517    2.7440608411e-04
518    2.6596350504e-04
519    2.5778067605e-04
520    2.4984960554e-04
521    2.4216254779e-04
522    2.3471199536e-04
523    2.2749067180e-04
524    2.2049152453e-04
525    2.1370771794e-04
526    2.0713262674e-04
527    2.0076056094e-04
528    1.9458385692e-04
529    1.8859641261e-04
530    1.8279391379e-04
531    1.7716993884e-04
532    1.7171899518e-04
533    1.6643575922e-04
534    1.6131507116e-04
535    1.5635192993e-04
536    1.5154148835e-04
537    1.4687904835e-04
538    1.4236005643e-04
539    1.3798009915e-04
540    1.3373489888e-04
541    1.2962030960e-04
542    1.2563231283e-04
543    1.2170894826e-04
544    1.1796072773e-04
545    1.1438952474e-04
546    1.1087012967e-04
547    1.0745901496e-04
548    1.0415284915e-04
549    1.0094840334e-04
550    9.7842547907e-05
551    9.4832249566e-05
552    9.1914568333e-05
553    8.9086654684e-05
554    8.6345746761e-05
555    8.3689167684e-05
556    8.1114322928e-05
557    7.8618697795e-05
558    7.6199854956e-05
559    7.3855432070e-05
560    7.1583139476e-05
561    6.9380757960e-05
562    6.7246136587e-05
563    6.5177190596e-05
564    6.3171899371e-05
565    6.1228304460e-05
566    5.9344507668e-05
567    5.7518669202e-05
568    5.5749005873e-05
569    5.4033789353e-05
570    5.2371344491e-05
571    5.0760047675e-05
572    4.9198325244e-05
573    4.7684651957e-05
574    4.6217549496e-05
575    4.4795585028e-05
576    4.3417369805e-05
577    4.2081557802e-05
578    4.0786844411e-05
579    3.9531965161e-05
580    3.8315694484e-05
581    3.7136844519e-05
582    3.5994263953e-05
583    3.4886836893e-05
584    3.3813481780e-05
585    3.2773150331e-05
586    3.1764826513e-05
587    3.0332399154e-05
588    2.8494652013e-05
589    2.6768248340e-05
590    2.5146442174e-05
591    2.3622896274e-05
592    2.2191657351e-05
593    2.0847132810e-05
594    1.9584068891e-05
595    1.8397530145e-05
596    1.7282880147e-05
597    1.6235763377e-05
598    1.5252088204e-05
599    1.4328010897e-05
600    1.3459920603e-05
601    1.2644425241e-05
602    1.1878338245e-05
603    1.1158666113e-05
604    1.0482596711e-05
605    9.5724254690e-06
606    8.4476358278e-06
607    7.4550124530e-06
608    6.5790253991e-06
609    5.8059695371e-06
610    5.1237501333e-06
611    4.5216936224e-06
612    3.9378216701e-06
613    3.4618281251e-06
614    2.9533951330e-06
615    2.3001064424e-06
616    1.7913246985e-06
617    1.2973200753e-06
