##################################################
# Maxwellian Initial Condition
# Number of Groups: 618
# kT: 0.75 MeV
##################################################
0      1.1057922491e-11
1      1.3022376420e-11
2      1.5335512848e-11
3      1.8059162659e-11
4      2.1266109664e-11
5      2.5042028642e-11
6      2.9487765869e-11
7      3.4722022582e-11
8      4.0884512478e-11
9      4.8139676849e-11
10     5.6681055718e-11
11     6.6736430616e-11
12     7.8573875027e-11
13     9.2508872460e-11
14     1.0891269023e-10
15     1.2822223011e-10
16     1.5095161602e-10
17     1.7770582431e-10
18     2.0919671639e-10
19     2.4626189626e-10
20     2.8988688973e-10
21     3.4123122966e-10
22     4.0165913367e-10
23     4.7277558149e-10
24     5.5646874058e-10
25     6.5495985501e-10
26     7.7086190792e-10
27     9.0724859751e-10
28     1.0677354363e-09
29     1.2565750998e-09
30     1.4787695237e-09
31     1.7402016849e-09
32     2.0477905146e-09
33     2.4096729975e-09
34     2.8354182140e-09
35     3.3362789190e-09
36     3.9254872221e-09
37     4.6186020845e-09
38     5.4339176877e-09
39     6.3929433148e-09
40     7.5209672313e-09
41     8.8477192341e-09
42     1.0408149086e-08
43     1.2243341053e-08
44     1.4401588267e-08
45     1.6939654780e-08
46     1.9924257986e-08
47     2.3433809797e-08
48     2.7560461574e-08
49     3.2412505666e-08
50     3.8117195527e-08
51     4.4824057140e-08
52     5.2708777043e-08
53     6.1977767029e-08
54     7.2873522862e-08
55     8.5680914618e-08
56     1.0073457005e-07
57     1.1842754013e-07
58     1.3922146860e-07
59     1.6365852551e-07
60     1.9237540946e-07
61     2.2611977557e-07
62     2.6576950773e-07
63     3.1235532523e-07
64     3.6708729798e-07
65     4.3138594313e-07
66     5.0691869035e-07
67     5.9564263853e-07
68     6.9985468316e-07
69     8.2225027859e-07
70     9.6599231417e-07
71     1.1347918351e-06
72     1.3330026327e-06
73     1.5657320734e-06
74     1.8389709353e-06
75     2.1597454915e-06
76     2.5362956275e-06
77     2.9782834157e-06
78     3.4970373187e-06
79     4.1058380618e-06
80     4.9140282951e-06
81     5.9858197814e-06
82     7.2682286453e-06
83     8.7977961589e-06
84     1.0616482773e-05
85     1.2772315132e-05
86     1.5320086728e-05
87     1.8322113483e-05
88     2.1849045139e-05
89     2.5980732918e-05
90     3.0807153387e-05
91     3.6429387945e-05
92     4.2960656747e-05
93     5.0527405257e-05
94     5.9270440938e-05
95     6.9258472636e-05
96     8.0825357795e-05
97     9.4205929467e-05
98     1.0939172797e-04
99     1.2671611398e-04
100    1.4643225322e-04
101    1.6881667501e-04
102    1.9417063393e-04
103    2.2282146672e-04
104    2.5512393478e-04
105    2.9146154221e-04
106    3.3224781870e-04
107    3.7792755640e-04
108    4.2897798924e-04
109    4.8590990334e-04
110    5.4926866655e-04
111    6.1781794803e-04
112    6.9558279550e-04
113    7.8389739277e-04
114    8.7913939373e-04
115    9.8408271803e-04
116    1.0994958570e-03
117    1.2261858624e-03
118    1.3649983257e-03
119    1.5168171811e-03
120    1.6825643270e-03
121    1.8631990578e-03
122    2.0597173019e-03
123    2.2731506617e-03
124    2.5045652516e-03
125    2.7550603342e-03
126    3.0257667528e-03
127    3.3178451617e-03
128    3.6324840566e-03
129    3.9708976091e-03
130    4.3343233092e-03
131    4.7240194233e-03
132    5.1412622742e-03
133    5.5873433527e-03
134    6.0635662699e-03
135    6.5712435621e-03
136    7.1116933596e-03
137    7.6862359330e-03
138    8.6110694559e-03
139    9.9803592983e-03
140    1.1501133293e-02
141    1.3198869572e-02
142    1.5086766502e-02
143    1.7153677016e-02
144    1.9417527198e-02
145    2.1885952691e-02
146    2.4565704045e-02
147    2.7462547389e-02
148    3.0582027539e-02
149    3.3926071846e-02
150    3.7496742381e-02
151    4.1297072962e-02
152    4.5325886311e-02
153    4.9581624447e-02
154    5.4061401656e-02
155    5.8761012658e-02
156    6.3650216976e-02
157    6.8769904277e-02
158    7.4117561192e-02
159    7.9629114914e-02
160    8.5320908145e-02
161    9.1181718637e-02
162    9.7199405199e-02
163    1.0336100061e-01
164    1.0963780883e-01
165    1.1604476856e-01
166    1.2256925686e-01
167    1.2916378720e-01
168    1.3582852409e-01
169    1.4254768016e-01
170    1.4930535824e-01
171    1.5608564890e-01
172    1.6290058696e-01
173    1.6967960150e-01
174    1.7640484496e-01
175    1.8311940994e-01
176    1.8977994520e-01
177    1.9637224252e-01
178    2.0288261750e-01
179    2.0929796080e-01
180    2.1560578257e-01
181    2.2179425021e-01
182    2.2785221962e-01
183    2.3376926016e-01
184    2.3953567347e-01
185    2.4514250658e-01
186    2.5058155951e-01
187    2.5584538778e-01
188    2.6072146411e-01
189    2.6561708310e-01
190    2.7052233549e-01
191    2.7502576359e-01
192    2.7932785476e-01
193    2.8342551177e-01
194    2.8731629927e-01
195    2.9099841916e-01
196    2.9447068410e-01
197    2.9773248974e-01
198    3.0078378569e-01
199    3.0362504571e-01
200    3.0625723737e-01
201    3.0868179133e-01
202    3.1090057051e-01
203    3.1291583943e-01
204    3.1461438901e-01
205    3.1624083338e-01
206    3.1776861727e-01
207    3.1899946657e-01
208    3.2004310473e-01
209    3.2090358652e-01
210    3.2158516883e-01
211    3.2209228566e-01
212    3.2242952427e-01
213    3.2260160231e-01
214    3.2261334629e-01
215    3.2246967101e-01
216    3.2217556029e-01
217    3.2173604882e-01
218    3.2115620514e-01
219    3.2044111575e-01
220    3.1964428208e-01
221    3.1868225842e-01
222    3.1753520588e-01
223    3.1632986455e-01
224    3.1501450069e-01
225    3.1359403574e-01
226    3.1207332749e-01
227    3.1045716220e-01
228    3.0875024760e-01
229    3.0695720659e-01
230    3.0508257172e-01
231    3.0313078042e-01
232    3.0110617083e-01
233    2.9901297823e-01
234    2.9685533215e-01
235    2.9463725393e-01
236    2.9252929322e-01
237    2.9021106432e-01
238    2.8765898008e-01
239    2.8523716568e-01
240    2.8277335190e-01
241    2.8027088606e-01
242    2.7773300261e-01
243    2.7516282376e-01
244    2.7256336046e-01
245    2.6993751350e-01
246    2.6728807491e-01
247    2.6461772949e-01
248    2.6192905653e-01
249    2.5922453159e-01
250    2.5650652854e-01
251    2.5377732160e-01
252    2.5103908748e-01
253    2.4829390766e-01
254    2.4554377065e-01
255    2.4279057435e-01
256    2.4003612847e-01
257    2.3728215690e-01
258    2.3453030017e-01
259    2.3178211787e-01
260    2.2903909113e-01
261    2.2630262504e-01
262    2.2357405105e-01
263    2.2085462945e-01
264    2.1814555168e-01
265    2.1544794274e-01
266    2.1276286348e-01
267    2.1009131292e-01
268    2.0757072289e-01
269    2.0493248344e-01
270    2.0216694301e-01
271    1.9955833854e-01
272    1.9696740755e-01
273    1.9439482377e-01
274    1.9184121391e-01
275    1.8930715956e-01
276    1.8679319911e-01
277    1.8429982953e-01
278    1.8182750813e-01
279    1.7937665433e-01
280    1.7694765125e-01
281    1.7454084739e-01
282    1.7215655815e-01
283    1.6979506734e-01
284    1.6745662866e-01
285    1.6514146711e-01
286    1.6284978032e-01
287    1.6058173990e-01
288    1.5833749270e-01
289    1.5611716202e-01
290    1.5392084879e-01
291    1.5174863271e-01
292    1.4960057332e-01
293    1.4747671109e-01
294    1.4537706839e-01
295    1.4330165045e-01
296    1.4125044635e-01
297    1.3922342982e-01
298    1.3722056019e-01
299    1.3524178314e-01
300    1.3330243394e-01
301    1.3137192192e-01
302    1.2944927637e-01
303    1.2756608097e-01
304    1.2570652868e-01
305    1.2387049886e-01
306    1.2205786209e-01
307    1.2026848078e-01
308    1.1850220968e-01
309    1.1675889642e-01
310    1.1503838205e-01
311    1.1334050145e-01
312    1.1166508386e-01
313    1.1001195325e-01
314    1.0838092878e-01
315    1.0677182521e-01
316    1.0518445320e-01
317    1.0361861976e-01
318    1.0207412853e-01
319    1.0055078012e-01
320    9.9048372437e-02
321    9.7566700953e-02
322    9.6105558990e-02
323    9.4664737988e-02
324    9.3244027750e-02
325    9.1843216683e-02
326    9.0462092018e-02
327    8.9100440023e-02
328    8.7758046206e-02
329    8.6434695506e-02
330    8.5130172468e-02
331    8.3844261413e-02
332    8.2579312023e-02
333    8.1330021225e-02
334    8.0096043338e-02
335    7.8882424405e-02
336    7.7686341018e-02
337    7.6507579216e-02
338    7.5345925757e-02
339    7.4201168221e-02
340    7.3073095107e-02
341    7.1961495927e-02
342    7.0866161286e-02
343    6.9786882966e-02
344    6.8723453998e-02
345    6.7675668730e-02
346    6.6643322893e-02
347    6.5626213658e-02
348    6.4624139691e-02
349    6.3636901207e-02
350    6.2664300011e-02
351    6.1706139545e-02
352    6.0762224923e-02
353    5.9832362973e-02
354    5.8916362261e-02
355    5.8014033127e-02
356    5.7125187708e-02
357    5.6249639962e-02
358    5.5387205691e-02
359    5.4537702554e-02
360    5.3700950088e-02
361    5.2876769722e-02
362    5.2064984783e-02
363    5.1265420513e-02
364    5.0460925499e-02
365    4.9685011223e-02
366    4.8938332930e-02
367    4.8185942192e-02
368    4.7444927201e-02
369    4.6715124769e-02
370    4.5996373636e-02
371    4.5288514473e-02
372    4.4591389874e-02
373    4.3904844351e-02
374    4.3228724332e-02
375    4.2562878148e-02
376    4.1907156029e-02
377    4.1261410094e-02
378    4.0625494342e-02
379    3.9999264638e-02
380    3.9382578710e-02
381    3.8775296126e-02
382    3.8177278294e-02
383    3.7588388438e-02
384    3.7008491593e-02
385    3.6437454586e-02
386    3.5875146024e-02
387    3.5321436281e-02
388    3.4776197477e-02
389    3.4239303471e-02
390    3.3710629838e-02
391    3.3190053858e-02
392    3.2677454497e-02
393    3.2172712392e-02
394    3.1675709834e-02
395    3.1186330752e-02
396    3.0709964284e-02
397    3.0235577922e-02
398    2.9762797854e-02
399    2.9302784120e-02
400    2.8849837473e-02
401    2.8403851309e-02
402    2.7964720542e-02
403    2.7323640476e-02
404    2.6485103005e-02
405    2.5672174822e-02
406    2.4884084975e-02
407    2.4120084718e-02
408    2.3379446960e-02
409    2.2661465724e-02
410    2.1965455610e-02
411    2.1290751263e-02
412    2.0636706847e-02
413    2.0002695536e-02
414    1.9388108998e-02
415    1.8792363935e-02
416    1.8214873684e-02
417    1.7655081781e-02
418    1.7112463729e-02
419    1.6586489134e-02
420    1.6076650505e-02
421    1.5582455557e-02
422    1.5103426776e-02
423    1.4639101004e-02
424    1.4189029020e-02
425    1.3752775147e-02
426    1.3329916851e-02
427    1.2920044371e-02
428    1.2522760335e-02
429    1.2137679408e-02
430    1.1764427930e-02
431    1.1402362484e-02
432    1.1051685009e-02
433    1.0712081666e-02
434    1.0382633170e-02
435    1.0063309320e-02
436    9.7537996356e-03
437    9.4538030966e-03
438    9.1630278613e-03
439    8.8811909913e-03
440    8.6080181842e-03
441    8.3432435142e-03
442    8.0866091800e-03
443    7.8378652600e-03
444    7.5967694741e-03
445    7.3630869537e-03
446    7.1365900167e-03
447    6.9159095351e-03
448    6.7030919052e-03
449    6.4980391627e-03
450    6.2981439923e-03
451    6.1043964015e-03
452    5.9166074771e-03
453    5.7345940979e-03
454    5.5581787581e-03
455    5.3871893962e-03
456    5.2214592293e-03
457    5.0608265915e-03
458    4.9051347783e-03
459    4.7542318948e-03
460    4.6079707090e-03
461    4.4662085087e-03
462    4.3288069642e-03
463    4.1954839138e-03
464    4.0664008512e-03
465    3.9414459092e-03
466    3.8201867214e-03
467    3.7026577180e-03
468    3.5887441841e-03
469    3.4783349298e-03
470    3.3713221819e-03
471    3.2676014793e-03
472    3.1670715714e-03
473    3.0696343196e-03
474    2.9751946019e-03
475    2.8836602202e-03
476    2.7949418107e-03
477    2.7089527571e-03
478    2.6256091058e-03
479    2.5451787678e-03
480    2.4668953926e-03
481    2.3906492752e-03
482    2.3170981474e-03
483    2.2458098230e-03
484    2.1767146942e-03
485    2.1097452939e-03
486    2.0448362296e-03
487    1.9819241201e-03
488    1.9209475333e-03
489    1.8618469265e-03
490    1.8045645884e-03
491    1.7490445827e-03
492    1.6952326934e-03
493    1.6430763721e-03
494    1.5925246870e-03
495    1.5436476358e-03
496    1.4961624338e-03
497    1.4500113393e-03
498    1.4053994968e-03
499    1.3621601881e-03
500    1.3202511872e-03
501    1.2796315673e-03
502    1.2402616604e-03
503    1.2021030187e-03
504    1.1651183772e-03
505    1.1292716174e-03
506    1.0945277318e-03
507    1.0608527898e-03
508    1.0282139047e-03
509    9.9657920136e-04
510    9.6591778545e-04
511    9.3713578188e-04
512    9.0836171316e-04
513    8.7947839981e-04
514    8.5241976469e-04
515    8.2619362994e-04
516    8.0077438277e-04
517    7.7613719839e-04
518    7.5225801571e-04
519    7.2911351390e-04
520    7.0668108960e-04
521    6.8493883484e-04
522    6.6386551566e-04
523    6.4344055136e-04
524    6.2364399443e-04
525    6.0445651105e-04
526    5.8585936223e-04
527    5.6783645437e-04
528    5.5036611165e-04
529    5.3343107494e-04
530    5.1701914188e-04
531    5.0111214951e-04
532    4.8569456257e-04
533    4.7075132373e-04
534    4.5626783896e-04
535    4.4222996320e-04
536    4.2862398659e-04
537    4.1543662107e-04
538    4.0265498740e-04
539    3.9026660259e-04
540    3.7825936770e-04
541    3.6662155605e-04
542    3.5534180171e-04
543    3.4424485455e-04
544    3.3364328916e-04
545    3.2354240463e-04
546    3.1358805485e-04
547    3.0393996789e-04
548    2.9458872108e-04
549    2.8552518163e-04
550    2.7674049773e-04
551    2.6822608992e-04
552    2.5997364271e-04
553    2.5197509642e-04
554    2.4422263937e-04
555    2.3670870021e-04
556    2.2942594050e-04
557    2.2236724764e-04
558    2.1552572781e-04
559    2.0889469932e-04
560    2.0246768603e-04
561    1.9623841107e-04
562    1.9020079068e-04
563    1.8434892826e-04
564    1.7867710866e-04
565    1.7317979255e-04
566    1.6785161102e-04
567    1.6268736035e-04
568    1.5768199692e-04
569    1.5283063230e-04
570    1.4812852845e-04
571    1.4357109308e-04
572    1.3915387523e-04
573    1.3487256086e-04
574    1.3072296866e-04
575    1.2670104597e-04
576    1.2280286480e-04
577    1.1902461805e-04
578    1.1536261571e-04
579    1.1181328132e-04
580    1.0837314846e-04
581    1.0503885734e-04
582    1.0180715157e-04
583    9.8674874916e-05
584    9.5638968276e-05
585    9.2696466655e-05
586    8.9844496283e-05
587    8.5792979967e-05
588    8.0595046202e-05
589    7.5712039303e-05
590    7.1124878818e-05
591    6.6815640323e-05
592    6.2767485378e-05
593    5.8964595732e-05
594    5.5392111514e-05
595    5.2036073166e-05
596    4.8883366897e-05
597    4.5921673440e-05
598    4.3139419915e-05
599    4.0525734606e-05
600    3.8070404482e-05
601    3.5763835288e-05
602    3.3597014055e-05
603    3.1561473882e-05
604    2.9649260852e-05
605    2.7074907828e-05
606    2.3893522303e-05
607    2.1085959429e-05
608    1.8608293887e-05
609    1.6421761720e-05
610    1.4492153855e-05
611    1.2789280890e-05
612    1.1137841623e-05
613    9.7915285695e-06
614    8.3534629037e-06
615    6.5056834511e-06
616    5.0666313663e-06
617    3.6693752904e-06
