##################################################
# Maxwellian Initial Condition
# Number of Groups: 30
# kT: 1.0 MeV
##################################################
0      2.5396469344e-07
1      3.4790673371e-07
2      1.4827308254e-06
3      3.1252308687e-05
4      2.3064743186e-04
5      1.4525494336e-03
6      9.5110129805e-03
7      3.8693338191e-02
8      7.0431655315e-02
9      1.0920204532e-01
10     1.4954002419e-01
11     1.9825635397e-01
12     2.3681226308e-01
13     2.3927570471e-01
14     2.1823471717e-01
15     1.7645384993e-01
16     1.1579282415e-01
17     7.2239104420e-02
18     4.4272644742e-02
19     2.6951572896e-02
20     1.6381668335e-02
21     9.9385040143e-03
22     6.0284896437e-03
23     3.6562128316e-03
24     2.2183143788e-03
25     1.3457944276e-03
26     8.1661277079e-04
27     4.9571650438e-04
28     3.0013604716e-04
29     1.5560742336e-04
