##################################################
# Maxwellian Initial Condition
# Number of Groups: 30
# kT: 0.75 MeV
##################################################
0      3.7754976848e-09
1      5.7638446530e-09
2      4.0500369927e-08
3      2.4598413943e-06
4      3.6618755878e-05
5      4.4396503569e-04
6      5.7668192817e-03
7      4.0025005703e-02
8      9.2741226191e-02
9      1.7350447919e-01
10     2.7508157772e-01
11     4.2477708815e-01
12     5.8489829510e-01
13     6.4448620578e-01
14     6.1960042248e-01
15     5.2102411392e-01
16     3.5110063257e-01
17     2.2118478152e-01
18     1.3604135794e-01
19     8.2925928506e-02
20     5.0428259103e-02
21     3.0599488618e-02
22     1.8562227350e-02
23     1.1258058186e-02
24     6.8306016196e-03
25     4.1439642737e-03
26     2.5145134602e-03
27     1.5264105792e-03
28     9.2417926013e-04
29     4.7914658925e-04
