##################################################
# Maxwellian Initial Condition
# Number of Groups: 30
# kT: 1.5 MeV
##################################################
0      2.8633450931e-05
1      3.5197726630e-05
2      9.0984383116e-05
3      6.6551571804e-04
4      2.4349770573e-03
5      7.9655228169e-03
6      2.6291684911e-02
7      6.2696342752e-02
8      8.9652864295e-02
9      1.1519989049e-01
10     1.3625567470e-01
11     1.5509377202e-01
12     1.6070494215e-01
13     1.4889660434e-01
14     1.2883598642e-01
15     1.0016261747e-01
16     6.4007798881e-02
17     3.9544917705e-02
18     2.4149113161e-02
19     1.4681793131e-02
20     8.9195612935e-03
21     5.4103963118e-03
22     3.2816190394e-03
23     1.9902180469e-03
24     1.2075036265e-03
25     7.3255908857e-04
26     4.4450800061e-04
27     2.6983395673e-04
28     1.6337338629e-04
29     8.4701954905e-05
